sub-006
sub-046
number_of_extrema: 5
('val_extrema :', array([9.58165455, 6.64316607, 5.45770597, 6.15491533, 3.96583009]))
[[ 3.01102161  8.88193512]
 [ 9.37851524 23.69848633]
 [ 7.45869637 19.28707123]
 [ 6.32871532 17.74240112]
 [ 4.02492237 22.84761047]]
sub-031
number_of_extrema: 3
('val_extrema :', array([0.22134735, 0.49195376, 1.12007082]))
[[ 8.43153763  6.9295578 ]
 [11.72541237 24.35453796]
 [ 8.79878044 19.93199158]]
sub-040
number_of_extrema: 4
('val_extrema :', array([0.25587472, 3.35299087, 1.84905565, 5.6842351 ]))
[[ 0.02424955  6.97625732]
 [ 3.24833107 11.65478516]
 [ 0.45548582  1.38931274]
 [ 3.43619633  1.94396973]]
sub-013
number_of_extrema: 2
('val_extrema :', array([1.70713544, 6.1125021 ]))
[[12.21772575  7.1532135 ]
 [ 8.56699371 15.77748108]]
sub-008
number_of_extrema: 5
('val_extrema :', array([1.22633052, 4.13568401, 2.34681249, 0.11047075, 3.53943014]))
[[11.56619453 23.92419434]
 [ 6.09880638 13.77763367]
 [ 9.0764389   7.66014099]
 [14.19973755  7.79096985]
 [10.4699955   3.78740692]]
sub-054
number_of_extrema: 2
('val_extrema :', array([0.7030018 , 2.74487305]))
[[11.65385246  5.31104279]
 [ 3.98957825  9.05409241]]
sub-025
number_of_extrema: 5
('val_extrema :', array([0.56313521, 0.63177824, 2.44986391, 1.78968346, 2.32826018]))
[[ 9.67025566 20.42622375]
 [ 8.1763401  14.163414  ]
 [ 1.08651209  6.81047821]
 [ 2.2977581   0.59342194]
 [ 0.75680399  2.18760681]]
sub-015
number_of_extrema: 9
('val_extrema :', array([5.93442297, 5.36240864, 3.33693099, 0.13869612, 1.56692374,
       0.71924806, 0.41963124, 0.99954259, 1.6529367 ]))
[[ 5.22388649 16.22853088]
 [ 0.94188595  2.15827942]
 [11.50493622 14.83738708]
 [11.37587357 22.83579254]
 [ 0.24578428 19.8863678 ]
 [ 0.55700207 19.17611694]
 [ 0.10839367 10.89995575]
 [12.43254089  4.52809906]
 [ 6.05329227 24.7731781 ]]
sub-032
number_of_extrema: 2
('val_extrema :', array([2.3540051, 6.7237258]))
[[ 2.58445168  5.90742493]
 [ 2.44435692 10.63559723]]
sub-016
number_of_extrema: 9
('val_extrema :', array([6.23840189, 8.07638359, 5.96390295, 2.81562424, 3.75031734,
       4.5008626 , 4.17703247, 7.30118656, 4.07894468]))
[[ 5.77600002  0.65634918]
 [ 7.78587151  7.57698822]
 [13.35754967 17.33655548]
 [13.98662567 14.99828339]
 [11.69567299 13.94280243]
 [ 0.71214199  8.58777618]
 [12.88110352  9.94799042]
 [12.78063011  5.48855591]
 [ 9.62541771  3.87422943]]
sub-001
number_of_extrema: 1
('val_extrema :', array([4.52693319]))
[[10.73821449  0.71463013]]
sub-038
number_of_extrema: 3
('val_extrema :', array([2.63870454, 1.874861  , 2.08570409]))
[[ 7.29510117 13.23229218]
 [ 7.57089996 13.18930817]
 [10.94962978 13.85249329]]
sub-045
number_of_extrema: 10
('val_extrema :', array([2.34349394, 1.85934925, 3.37418509, 2.51376152, 2.33779335,
       1.90134478, 4.71480942, 3.58847332, 3.18249416, 0.11219243]))
[[14.61948586 23.37482452]
 [ 9.95166683 14.42811584]
 [12.25663376  0.63739777]
 [ 1.22306824  3.34342957]
 [ 0.87447882  2.78581238]
 [ 7.92598915  6.74341583]
 [ 6.10276031  3.496315  ]
 [ 7.58907318  6.25817871]
 [10.07213402  4.91897583]
 [ 9.35547733  3.18665314]]
sub-044
number_of_extrema: 6
('val_extrema :', array([4.89902496, 5.807199  , 3.94915009, 0.62839895, 3.07189703,
       2.28666711]))
[[ 8.3118515  10.1889267 ]
 [11.99303627 14.00434113]
 [ 4.414958    9.70169067]
 [ 1.17881727 15.40042877]
 [ 3.17387867 12.28518677]
 [10.42254543  7.1103363 ]]
sub-041
number_of_extrema: 4
('val_extrema :', array([2.77967405, 0.92359394, 0.69933736, 6.18891239]))
[[ 6.47040653 13.48416138]
 [ 9.88097191 18.32370758]
 [ 3.98590469  9.66786957]
 [ 9.60625172  0.81734467]]
sub-017
number_of_extrema: 3
('val_extrema :', array([4.36207294, 0.44425979, 1.91822529]))
[[ 9.72959328 22.88876343]
 [ 3.88274097 19.49911499]
 [ 6.81588459 13.1140976 ]]
sub-051
number_of_extrema: 6
('val_extrema :', array([3.44646502, 2.94890976, 3.97805738, 0.88100487, 3.35192132,
       2.46811891]))
[[ 3.73248005 21.51604462]
 [13.76650047 22.11291504]
 [ 9.21266365 17.74949646]
 [ 3.5086422   0.54285431]
 [12.73924446 13.19220734]
 [12.15630722 15.30269623]]
sub-033
number_of_extrema: 5
('val_extrema :', array([4.75422716, 6.58602858, 3.16966057, 3.24357319, 3.23530626]))
[[13.56800652 21.5026474 ]
 [ 8.23039913  2.51305389]
 [14.77218246 15.47114563]
 [ 5.25242043 14.47288513]
 [14.55732918 10.79434204]]
sub-048
number_of_extrema: 9
('val_extrema :', array([4.72170925, 3.87324834, 1.51513088, 3.26793385, 3.50961566,
       4.01437521, 0.86051512, 0.55739653, 0.62060159]))
[[ 5.97531128 12.31567383]
 [ 8.16818905 20.46958923]
 [ 2.49296045  6.7479248 ]
 [ 9.4123373   0.40154266]
 [ 2.94816971 13.59057617]
 [ 6.58611202 11.04914856]
 [ 4.58340263 15.78346252]
 [14.1663475  14.43744659]
 [10.75541687  8.45999908]]
sub-037
sub-024
sub-039
number_of_extrema: 6
('val_extrema :', array([ 1.37752938,  2.97931433,  1.93066573, 10.60871792,  0.45424077,
        2.43154049]))
[[ 0.43768978  1.60290527]
 [ 1.4144783   8.6269455 ]
 [ 6.01214123 19.24401855]
 [ 5.81418419  0.77653503]
 [ 8.72861671 14.02735138]
 [12.26535606 12.09416199]]
sub-036
number_of_extrema: 2
('val_extrema :', array([ 4.70694542, 13.42747879]))
[[ 0.10936117  3.79055023]
 [ 3.59234333 11.49713135]]
sub-007
number_of_extrema: 9
('val_extrema :', array([3.83299756, 4.21096373, 1.59909821, 0.54489768, 3.14882159,
       2.46532893, 1.42868507, 0.65081519, 3.15715528]))
[[ 7.04805851 19.32893372]
 [12.08983803 17.95580292]
 [ 5.10198975  8.20981598]
 [ 0.93548489  8.70516205]
 [11.56834221 10.13924408]
 [ 6.37804604  0.62368011]
 [11.58516502 22.48577881]
 [14.82519722  5.83650208]
 [ 3.79950905  0.40254211]]
sub-049
number_of_extrema: 4
('val_extrema :', array([2.08451724, 2.27253771, 0.31792134, 3.20939875]))
[[ 3.20134544 19.24510956]
 [ 4.23452473 22.91916656]
 [ 8.91316319  8.31051636]
 [10.05489731 21.81400299]]
sub-050
number_of_extrema: 1
('val_extrema :', array([0.44319993]))
[[13.84247971  6.41902924]]
sub-005
number_of_extrema: 4
('val_extrema :', array([3.94421029, 1.26906121, 4.40632391, 2.84321618]))
[[14.10766411  2.15987396]
 [ 9.14084816  3.90909576]
 [ 4.39339733  4.25885773]
 [14.03961182 12.36432648]]
sub-035
number_of_extrema: 6
('val_extrema :', array([7.89419842, 8.07320881, 5.47002602, 8.34928989, 4.6352458 ,
       1.02691889]))
[[ 6.16084576 21.66236877]
 [ 0.04555702  7.71856689]
 [ 4.30987453 12.30453491]
 [ 3.20110798 20.74897766]
 [ 5.74101448 10.74053192]
 [ 3.7256813   7.72988892]]
sub-021
sub-052
number_of_extrema: 4
('val_extrema :', array([3.66218853, 3.72764325, 1.44666231, 0.12992996]))
[[ 9.35493946 15.70146179]
 [13.92325974 24.71720123]
 [ 3.80022335  5.17601776]
 [ 1.18763208 10.64846039]]
